pos 0.1 0 1.75 0 10
pos 0.5 0 1.75 0 5
pos 1.0 0 1.75 0 5
pos 1.5 0 1.75 15 2
pos 1.5 0 1.75 30 2
pos 1.5 0 1.75 45 2
pos 1.5 0 1.75 60 2
pos 1.5 0 1.75 75 2
pos 1.5 0 1.75 90 2
pos 1.5 0.5 1.75 90 5
pos 1.5 1.0 1.75 90 5
pos 1.5 1.5 1.75 90 5
pos 1.5 2.0 1.75 90 5
pos 1.5 2.5 1.75 90 5
pos 1.5 2.5 1.75 105 2
pos 1.5 2.5 1.75 120 2
pos 1.5 2.5 1.75 135 2
pos 1.5 2.5 1.75 150 2
pos 1.5 2.5 1.75 165 2
pos 1.5 2.5 1.75 180 2
pos 1.0 2.5 1.75 180 5
pos 0.5 2.5 1.75 180 5
pos 0.0 2.5 1.75 180 5
pos -0.5 2.5 1.75 180 5
pos -1.0 2.5 1.75 180 5
pos -1.5 2.5 1.75 180 5
pos -1.5 2.5 1.75 195 2
pos -1.5 2.5 1.75 210 2
pos -1.5 2.5 1.75 225 2
pos -1.5 2.5 1.75 240 2
pos -1.5 2.5 1.75 255 2
pos -1.5 2.5 1.75 270 2
